SDPA-GMP start at Tue Nov 19 01:19:57 2024
data      is control4.dat-s
out       is control4.result
DENSE computation
   mu      thetaP  thetaD  objP      objD      alphaP  alphaD  beta 
 0 1.0e+08 1.0e+00 1.0e+00 +0.00e+00 +2.00e+05 9.0e-01 8.9e-01 3.00e-01
 1 1.6e+07 1.0e-01 1.1e-01 +1.44e+04 +3.07e+05 9.0e-01 8.2e-01 3.00e-01
 2 3.7e+06 1.0e-02 1.9e-02 +2.35e+04 +4.63e+05 1.0e+00 6.6e-01 3.00e-01
 3 1.8e+06 3.8e-79 6.4e-03 +3.98e+04 +4.66e+05 8.5e-01 8.5e-01 3.00e-01
 4 4.1e+05 8.4e-79 9.8e-04 +5.91e+04 +7.84e+04 8.8e-01 8.8e-01 3.00e-01
 5 7.5e+04 6.8e-78 1.2e-04 +8.87e+04 +9.18e+03 8.8e-01 8.8e-01 3.00e-01
 6 1.5e+04 9.4e-78 1.4e-05 +1.29e+05 +1.24e+03 8.1e-01 8.1e-01 3.00e-01
 7 5.5e+03 3.4e-77 2.6e-06 +1.40e+05 +3.51e+02 1.2e+00 7.5e-01 3.00e-01
 8 1.9e+03 1.1e-76 6.6e-07 +5.54e+04 +1.71e+02 1.0e+00 7.5e-01 3.00e-01
 9 6.9e+02 1.7e-76 1.7e-07 +2.01e+04 +9.18e+01 1.0e+00 7.4e-01 3.00e-01
10 2.5e+02 2.1e-76 4.4e-08 +6.77e+03 +5.20e+01 1.1e+00 7.3e-01 3.00e-01
11 9.3e+01 2.6e-76 1.2e-08 +2.43e+03 +2.96e+01 1.2e+00 7.8e-01 3.00e-01
12 2.9e+01 3.2e-76 2.6e-09 +7.23e+02 +1.56e+01 1.4e+00 7.8e-01 3.00e-01
13 9.1e+00 3.6e-76 5.7e-10 +2.47e+02 +8.05e+00 1.5e+00 8.5e-01 3.00e-01
14 2.5e+00 4.1e-76 8.7e-11 +9.83e+01 +4.29e+00 1.3e+00 1.0e+00 3.00e-01
15 6.5e-01 4.7e-76 1.6e-84 +4.26e+01 +3.32e+00 5.4e-01 1.2e+00 1.00e-01
16 2.7e-01 4.6e-76 3.7e-84 +2.68e+01 +1.05e+01 8.0e-01 7.3e-01 1.00e-01
17 8.5e-02 4.5e-76 3.4e-84 +2.15e+01 +1.64e+01 9.2e-01 8.9e-01 1.00e-01
18 1.6e-02 4.6e-76 6.6e-84 +2.01e+01 +1.91e+01 9.3e-01 9.3e-01 1.00e-01
19 2.6e-03 4.6e-76 5.4e-83 +1.98e+01 +1.97e+01 9.4e-01 9.4e-01 1.00e-01
20 4.1e-04 4.8e-76 2.2e-82 +1.98e+01 +1.98e+01 9.4e-01 9.4e-01 1.00e-01
21 6.3e-05 5.0e-76 6.3e-82 +1.98e+01 +1.98e+01 9.4e-01 9.4e-01 1.00e-01
22 9.7e-06 5.1e-76 2.4e-81 +1.98e+01 +1.98e+01 9.5e-01 9.2e-01 1.00e-01
23 1.6e-06 5.4e-76 1.3e-80 +1.98e+01 +1.98e+01 9.7e-01 9.1e-01 1.00e-01
24 2.6e-07 5.7e-76 1.0e-79 +1.98e+01 +1.98e+01 9.6e-01 9.5e-01 1.00e-01
25 3.9e-08 6.1e-76 1.4e-78 +1.98e+01 +1.98e+01 9.6e-01 9.2e-01 1.00e-01
26 6.3e-09 6.3e-76 3.8e-79 +1.98e+01 +1.98e+01 9.5e-01 9.2e-01 1.00e-01
27 1.1e-09 6.8e-76 2.0e-78 +1.98e+01 +1.98e+01 9.7e-01 9.8e-01 1.00e-01
28 1.3e-10 7.1e-76 1.0e-77 +1.98e+01 +1.98e+01 9.7e-01 1.0e+00 1.00e-01
29 1.4e-11 7.5e-76 2.2e-77 +1.98e+01 +1.98e+01 9.8e-01 1.0e+00 1.00e-01
30 1.4e-12 7.6e-76 2.7e-78 +1.98e+01 +1.98e+01 9.8e-01 1.0e+00 1.00e-01
31 1.4e-13 7.8e-76 7.7e-78 +1.98e+01 +1.98e+01 9.9e-01 1.0e+00 1.00e-01
32 1.4e-14 8.3e-76 2.0e-77 +1.98e+01 +1.98e+01 9.9e-01 1.0e+00 1.00e-01
33 1.4e-15 8.6e-76 4.0e-77 +1.98e+01 +1.98e+01 9.9e-01 1.0e+00 1.00e-01
34 1.4e-16 9.0e-76 3.2e-77 +1.98e+01 +1.98e+01 9.9e-01 1.0e+00 1.00e-01
35 1.4e-17 9.3e-76 1.1e-77 +1.98e+01 +1.98e+01 9.9e-01 1.0e+00 1.00e-01
36 1.4e-18 9.6e-76 1.2e-79 +1.98e+01 +1.98e+01 9.9e-01 1.0e+00 1.00e-01
37 1.4e-19 1.0e-75 4.3e-77 +1.98e+01 +1.98e+01 9.9e-01 1.0e+00 1.00e-01
38 1.4e-20 1.0e-75 7.7e-77 +1.98e+01 +1.98e+01 9.9e-01 1.0e+00 1.00e-01
39 1.4e-21 1.1e-75 1.8e-77 +1.98e+01 +1.98e+01 9.9e-01 1.0e+00 1.00e-01
40 1.4e-22 1.1e-75 2.5e-77 +1.98e+01 +1.98e+01 9.9e-01 1.0e+00 1.00e-01
41 1.4e-23 1.1e-75 5.1e-77 +1.98e+01 +1.98e+01 9.9e-01 1.0e+00 1.00e-01
42 1.4e-24 1.2e-75 1.8e-77 +1.98e+01 +1.98e+01 9.9e-01 1.0e+00 1.00e-01
43 1.4e-25 1.2e-75 6.4e-78 +1.98e+01 +1.98e+01 9.9e-01 1.0e+00 1.00e-01
44 1.4e-26 1.2e-75 1.3e-78 +1.98e+01 +1.98e+01 9.9e-01 1.0e+00 1.00e-01
45 1.4e-27 1.3e-75 6.8e-78 +1.98e+01 +1.98e+01 9.9e-01 1.0e+00 1.00e-01
46 1.4e-28 1.3e-75 3.2e-77 +1.98e+01 +1.98e+01 9.9e-01 1.0e+00 1.00e-01
47 1.4e-29 1.4e-75 7.7e-77 +1.98e+01 +1.98e+01 9.9e-01 1.0e+00 1.00e-01
48 1.4e-30 1.4e-75 2.5e-76 +1.98e+01 +1.98e+01 9.9e-01 1.0e+00 1.00e-01
49 1.4e-31 1.4e-75 2.3e-76 +1.98e+01 +1.98e+01 9.9e-01 1.0e+00 1.00e-01

phase.value = pdOPT     
   Iteration = 49
          mu = 1.3943640360750095e-31
relative gap = 4.2265771678431348e-31
         gap = 8.3661842164500568e-30
      digits = 3.0374011197370333e+01
objValPrimal = 1.9794230376537536e+01
objValDual   = 1.9794230376537536e+01
p.feas.error = 1.4168057686891636e-71
d.feas.error = 2.0162384266295944e-67
relative eps = 8.6361685550944446e-78
total time   = 60.773


Parameters are
** Parameters **
maxIteration =    200
epsilonStar  = 1.000e-30
lambdaStar   = 1.000e+04
omegaStar    = 2.000e+00
lowerBound   = -1.000e+05
upperBound   = 1.000e+05
betaStar     = 1.000e-01
betaBar      = 3.000e-01
gammaStar    = 9.000e-01
epsilonDash  = 1.000e-30
precision    =    200
xPrint       = %+50.40Fe 
XPrint       = %+50.40Fe 
YPrint       = %+50.40Fe 
infPrint     = %+50.40Fe 

                         Time(sec)  Ratio(% : MainLoop) 
 Predictor time  =       58.075300,  95.632723
 Corrector time  =       1.139503,  1.876422
 Make bMat time  =       50.544056,  83.231007
 Make bDia time  =       0.000003,  0.000005
 Make bF1  time  =       48.172837,  79.326317
 Make bF2  time  =       1.852548,  3.050594
 Make bF3  time  =       0.509215,  0.838525
 Make bPRE time  =       39.930956,  65.754393
 Make rMat time  =       0.376649,  0.620229
 Make gVec Mul   =       0.016940,  0.027895
 Make gVec time  =       0.193771,  0.319084
 Cholesky bMat   =       6.830756,  11.248220
 Ste Pre time    =       0.000479,  0.000788
 Ste Cor time    =       0.990027,  1.630280
 solve           =       0.309319,  0.509356
 sumDz           =       0.191670,  0.315623
 makedX          =       0.737514,  1.214466
 symmetriseDx    =       0.009948,  0.016381
 makedXdZ        =       0.939148,  1.546497
 xMatTime        =       0.107888,  0.177660
 zMatTime        =       0.210525,  0.346672
 invzMatTime     =       0.000000,  0.000000
 xMatzMatTime    =       0.000000,  0.000000
 EigxMatTime     =       0.482352,  0.794290
 EigzMatTime     =       0.500264,  0.823786
 EigxMatzMatTime =       0.000000,  0.000000
 updateRes       =       0.190865,  0.314298
 EigTime         =       0.982616,  1.618076
 sub_total_bMat  =       10.183379,  16.768993
 Main Loop       =       60.727435,  100.000000
 File Check      =       0.000000,  0.000000
 File Change     =       0.000003,  0.000004
 File Read       =       0.039724,  0.065414
 Total           =       60.772846,  100.074779

xVec = 
{   +1.4701594914557406910259357470168031205142e+01,   -7.4459344452845395083557771254877436956432e+00,   -5.7465886692763576186254599121412204244364e-01,   +1.1278098984475033286665421345672381308267e+01,   +5.1543134454058731961394779336298699504605e+00,   -8.8522650423424960094588968609862034231937e+00,   +4.6280663478648044758156349883882206732267e+00,   -1.0680040620871025708384992353269265916020e+00,   +6.3064124400854799639019689549563129909872e+00,   +3.8623392123702906883482053979057970888044e+00,   +8.1801710474048458674999635429726474961612e-01,   +1.7916784892915459026278063223763134654012e+00,   -8.7198593134484514669994248338322329419391e+00,   +2.3969148263264476085819138759466342396679e+00,   -2.8823219421522521819938773498236616408871e-01,   -1.4135981481664241933871219086185030405039e+00,   -4.1299406474030228126876342485389288239715e+00,   -1.2835513588456306716287072029092628084700e+00,   +1.2531216250846536952462748153010287545095e+01,   +6.8909043786946622389247836660714417300441e+00,   +2.8001664330358230737208903573588226889304e+01,   -6.5254327096575533080729755944299439795349e+00,   -7.2537240787425505220579523426940503720480e+00,   +7.9626395617701362026080578008490621685469e+00,   +2.9812775436861364503376146714167748013603e+01,   -6.7299287024781782072102838616004392540136e+00,   -4.1366033949497774858102529803773008365178e+00,   -1.7360481083475475464409914513932043080342e+01,   -1.8165383070330694842106404796445069966370e+01,   +3.9899112543136682456767743485936932494728e+00,   +6.3902184052830324863141209024830567978965e+00,   +1.5769175461056918977813768867132706292246e+01,   -5.0707198748532332034324236240066572573695e+00,   -4.8635295112771493592042756825493026785617e+00,   +8.0919456681594478365757690687688328090765e+00,   +6.1437164733566641612689740816078968570612e+00,   +1.4953108963638543789996400264488962683438e+00,   -2.0912123983186783740352002313041875121217e+01,   +4.3857224506249462442429136622832598958799e+00,   +1.1151462886541023733586096476159578845864e+01,   -9.4927853132089263472520284638354434722994e-01,   -8.2874202678352470362635402047918830266036e+00,   -7.1778618001744937371095914039939398439070e+00,   +2.4239940374444733111950361351605306173111e+00,   +2.8253016937043663492152422464112967023278e+00,   +5.8470078536936772495100935913686626306254e+00,   +6.7708562351765363864776129427623070974079e+00,   -8.9662804153139418842483241311254963118099e-01,   -3.3122044173798928353261325521567227663966e+00,   -4.2971057833205570931025413334782126670279e+00,   +2.8542261464565785572823612793827759396702e+00,   -2.4364321770044423039631483519258900676898e-01,   -2.0458075562627073347691137744069220270882e+00,   -5.5472863970735342911369108445229042591126e+00,   +9.1443467366532587011297813770393298096266e-01,   +5.8913642638561450623887978440102910369664e+00,   -5.5596260317954056456789069268413118833531e+00,   +1.7056412412256523214651979701270884889149e+01,   +2.3108261180346631135417167612928220180495e+00,   -1.1163936998170615142064544623566824572078e+01,   +4.6239301276034917636196013002114264401686e+00,   +2.1218746063860594943549430719252236800263e+00,   +8.2401196451301183272380797368372835198202e+00,   +6.5498885680173992524870255723543455618432e+00,   -1.4009490041722099055162542863969375714837e+00,   +7.1450437089305595715449587203924868262115e-01,   -8.6390935760757179003471330399398563102524e+00,   +3.5800256316236027503472282277556444405396e+00,   +3.0056932216013261343010973580005107494589e+00,   -5.0532315421363469850555123525374704013422e+00,   -5.9651841889748483394368965424731585992201e+00,   -6.3226943221917661187508922790834169608668e+00,   +1.3149541100748627672195931143105898291129e+01,   +3.3534922447861826274122074349921321343577e+00,   +2.3957369145014019349877088576759247762587e+01,   +7.1720125476516476886320886876383846187013e+00,   +1.7183846463110088216703230277852579257678e+00,   -1.0800510316430691334205254941127781353867e+01,   -4.2421847659455221745254478159372409536369e+00,   -7.8226453256589792020315474865394442323551e+00,   +1.3861326814288830126449453876668068589374e+00,   +1.0473800770948244921939509978043153956414e+01,   +3.7790231282999813390705970782085025475397e-01,   +3.6082815934868924627013822853369597974556e+00,   -4.0188368292079134161323335013645672337942e+00,   +4.5690780558180566380784313510109123225624e+00,   +3.8889907208319910885143153109954156924627e+00,   +2.8254279126895258945679928722375402757631e+00,   -1.1579057192243477735782161690638377071824e+01,   +1.8131331640160133167468272068941468558436e+01,   +4.9791269030420494180467319333893528346572e+01,   -7.3208794028854008953303871896777100709802e+00,   -3.6350656776635614063576086269980240420322e-01,   -2.6458605712807318001970448572281166399218e+01,   -2.1502525806055237915735320673514814311517e+01,   +6.0549945041966493523651669512248996047332e+00,   +7.7143557209778675506834740307285711202649e+00,   +2.3719553784064863542111591679422726104534e+01,   -5.9004062909580645924044862226930945211165e+00,   -7.8437896766761498208686234149497774497080e+00,   +8.9981965980675021024428545405632905513095e+00,   +8.7695917952837802899848137833298278000592e+00,   +3.9729770323812724682406314241162238019462e+00,   -2.6301872651256880826876657149094534747031e+01,   +5.6904427306630262200316692701819070895206e+00,   +1.1173675906447539957257488789421751541300e+01,   +9.6662603115954997032254316140820777354881e-01,   +5.1144881884412208083853576572034247330670e+00,   +4.3781878731075518006481689645501861269893e+00,   +2.0042055049639659060188719422563635189312e+00,   -1.9971212144696015366688276332921154338484e+00,   -6.4649475445523608919853757257388470334316e+00,   +6.1742706601840687370094323650613797129992e+00,   -1.7302957315558475451380122599520031166045e+00,   -3.5114284140170889064338508482000756380498e+00,   -3.0797452512313530326663454504119038316600e+00,   -1.1539466104868419309807799459085375817472e+00,   +6.9874787275324766933081332936320827252080e+00,   +9.8427951056043066382256984710454229949976e-01,   +1.6743700002183562618065240886645028497133e+01,   +3.5538277569975887715232551270888243188138e+00,   +4.6020837482548711435856411920980380802277e+00,   +2.8673716205993814712960180331036226184341e+00,   -7.4184792847920361181289470987934701955011e+00,   +1.8759972526129119502353475681277795300059e+00,   -1.9842229090448524542084002025216176101935e+00,   +5.1925581125907915684638630820867584733675e+00,   -5.3474325606946588199504819981800410144336e-01,   -5.2070608319386807259073369991849216247266e-01,   -9.0063671718306308816151512838720646348026e+00,   +1.0833616835234753373836057819416980750089e+01,   -1.4196454309494978520582152537045091213302e+01,   +2.8427203644784924624917387505483568281656e+01,   +1.5496046662597607026142171448397724321014e+01,   -2.3079377842542844739387777454963074079414e+00,   -2.8546840543937083223897964515493726777516e+00,   -1.6215689106994691578962768782809393371701e+01,   +5.9279513506713896486102463307261150357384e+00,   +4.2112892335068681117341052018890907673661e+00,   -8.4824774036841523583070862820352253405236e+00,   -8.4295103118876269603211289492283066621678e+00,   -4.8373925711324924253204654588585543648064e+00,   +2.4505977279140289283824695176813802630974e+01,   -4.9958336698236977703248424340322643889052e+00,   +2.0109724243438947958402621606618214534731e+01,   -3.3651150983670721498432200512507407183121e+00,   -4.0651462863685265598656029867050109566883e+00,   -1.4992237645158052353164408539107447070655e+01,   +2.0951424778037886275030160132924838021917e+00,   +4.7670219976317161269053715393647124153916e+00,   -6.9970357324871504668146931756660462471727e+00,   -5.1529501043109534488472234743298844768759e+00,   -6.2342563507329596448386576143425212518458e+00,   +1.6641277447264655669113447018666939995081e+01,   -7.5966547022854478835315212229344067228772e+00,   +8.5949992206271577594507416715177648461171e+00,   -1.9848309656864874683894067175141880479299e+00,   +3.0136247947493763978369898507324805645160e+00,   -3.1144432697218408382909249784020953843574e-01,   -7.2493322335353942048700484653869249328061e-01,   +2.8595651136128612431003606503732520292745e+00,   +6.5478471060042866128353628990333183003841e-01,   -1.5094158967237606075865475022317671903107e+00,   +2.4675760995294661087468505842141067447963e+00,   -2.0214702188567989188970421941899948842972e+00,   +1.3914053686649879976243361931068017310105e+01,   +6.1403109111124462771875032790473153683925e+00,   +2.4123053050033251041884064681760746531615e+00,   -2.6546138972904529685905393973056400609783e+00,   +4.3547891101560993443582075974963358503015e+00,   +2.7425037757699168552193195410258211298149e+00,   +3.5965012676856624364024560650366287700316e+00,   -9.5859741969206698479273392923550675556646e+00,   +9.9210429470790791574934465762602644565298e+00,   +2.5183230317255344095186667072784683492950e+01,   -3.6896898983882262973443424922389471906304e+00,   -2.2800337527793625738808814126789409559952e+00,   +8.7056187599742583032801592263029480233654e+00,   +6.6748779259660933209706919899475543659289e+00,   +4.3118152517928847033223230566774407168191e+00,   -1.7729375621554144057990257559304156342582e+01,   +1.7622098925139448851527333542683686318060e+00,   +1.5046851457260283390728129536821319213520e+01,   +3.8081310536381286690067445757475684955333e-01,   -7.1097118391610434829671249809941955536634e-01,   -5.1743495621674873604241106559482096844852e+00,   -1.2991344199304545085072896538774984075745e+00,   +2.0748008221605112308759301084985617401133e+00,   +2.9072795426878394064603667352979211490744e+00,   +1.1435931661195519854428466924216768723785e+01,   -4.9786411284253851619096784848150685350329e-01,   +7.0394267372878126064797463242734154699267e-01,   -7.2064283976777445837165658745628735428468e+00,   +5.3579919454198647541672413117835244210570e+00,   -7.5291303899720248563904514988102245981442e+00,   +1.1915635901593981350892076362391232230507e+01,   +3.5988821708091316199166877578183919453901e+00,   -5.5197406774370977656324684178690951082947e-01,   -8.3926973339427735732849794900194261387035e+00,   +2.5907481820173848361364989433462217540317e+00,   +1.1120161405870876781930760796913254790234e+01,   +3.8025016319905617153318099390180807146228e-01,   -1.1174431899059119755575707952281260444867e+01,   -1.0939241378515195111136842134126121416202e+00,   +1.5874193647518722535053535749504415473913e+01,   -7.6632966794363296327041595916371126177561e+00,   +7.1028610249236895799001634240987012565227e+00,   +4.4172200324206759917218437663649924709139e+01,   -1.0142732438932962878992904244924977342894e+01,   +2.9033958201757469788109238325959770697596e+01,   -1.3111407593228113451220394985102870474323e+01,   -1.5337797381123396165907001183403972188972e+01,   -1.0614118951124462935926177710384689873856e+01,   -5.9499388249547760289926772742467509988404e+00,   -5.0420118374795256361448097166517040774869e+00,   -5.2787938288221339033671513553970386335602e+00,   -1.1261838896343497549631405874742026087928e+01,   -7.3999653236368584695341773613080776150234e+00,   -4.9024508284987366398924594566005982617726e+00,   -1.3134027348783198377209700525963861785498e+01,   -1.2210899342945400417179801501590112050142e+01,   -3.3203450397996465822669977560706388843465e+00,   -7.8141579960216479923745242410846797013884e+00,   -3.7151841763178129283896076896971307826560e+00,   -8.3195208247711138284649670473414943926571e+00,   -1.4243699870218932840484048203830941897340e+01,   -6.8424422792737114803538092712721985712859e+00,   -5.9007624840496425432436396094120903421659e+00,   -8.3034501281867462442490800369496582999330e+00,   -4.5561530099112632590402662399760520093844e+00,   -1.9794230376537536457262679425004118839988e+01}
xMat = 
{
{ {   +5.0061403059419954028195710894128004293811e+05,   -1.7634100665980021668964434685250922192476e+04,   +2.0640452489573904919593404104217796048228e+05,   +2.5586442351033285966085063972136115024569e+05,   +7.5397519277812322605695529334024862225022e+04,   -9.6639414652059983513538164092083939384642e+03,   +1.1920067442269224035607344143800406846740e+05,   -1.2308754343645780187093222117943926054821e+04,   -5.7440295377612070159120284827094514091472e+04,   +2.7221736081164229790334151181659024307901e+04,   +1.2882669048194340865911683855268883198011e+05,   +1.2301774795750641288617609420071861112936e+04,   -2.0971285644191738661102049561543389994035e+05,   -1.8847452110153222788995100404227177165338e+05,   -2.2670231629932152021430357994135498108790e+05,   +6.1649046214270181670086945484355459346772e+03,   -1.0638695210693863152111128744223209329418e+05,   +2.6399483941585990720460455013517620288759e+05,   +1.1323703372180292664822001424456815096661e+05,   +3.6117170178778605165183934978212591816949e+04,   -2.7314834039687821069828140594682270829913e+01,   -3.8351499297697509532141822641093203824820e+02,   -7.8689681476218999243997249646735596864972e+01,   +3.2108109613110949453428621164366951679083e+02,   -6.5336829068740007854735215991514835772099e+02,   -1.3094346758309394042157729416541600309119e+02,   -2.8318179247375271376393737003342541856016e+02,   +9.2379261324625659541755209537502628846709e+02,   +1.8704022625534031650563926181944507072105e+02,   +5.3088478156836078865206498364173876724424e+02,   -5.9079142301733371283545547371708948538774e+02,   -6.8226586539891745939397561887332595093008e+02,   -4.5815513185951907744149290110068993413830e+02,   +3.5744779680802466451201364504216122185680e+01,   +2.4093325142690042173325272441033806893078e+02,   +6.9212497151889866000372642575213949866446e+02,   +5.4296764241781459250268722158204045227467e+02,   +8.5073476612449013545644539491513552678326e+02,   -4.4014643950201778914498774040350687466176e+02,   +6.3144658538892464127093121700750854772150e+02 },
  {   -1.7634100665980021668964434685250922192476e+04,   +3.3599145553839842873445214839531559555484e+05,   -5.8660153998330713623995279148981015298067e+04,   +2.6144739037056488617663951237858604059781e+04,   -5.5066412600745717904037695393583021655809e+04,   +1.1341620798410074796661593423988141575655e+05,   -5.6701703723254456016882243494579847917072e+04,   -4.8602703167615459348110058514022500511052e+03,   +2.2674229389681842962360189830189210304490e+05,   -8.7800216529405008113969233045776820988188e+04,   +2.4158948342154889893402901590961613874511e+04,   +1.2481779066208350688896593668853713824362e+05,   +1.5827995519261642321622168010120129245578e+05,   +8.2651447571019655549639842499411338601316e+04,   -1.5440340306848936249319075881763236103084e+04,   +9.5022474235735232018009887168248385932797e+04,   -8.7077419334211896712170168200885764233301e+04,   +4.7989078678081215539595394908400581366081e+04,   +9.3130224064171907026021789415600312945761e+04,   +4.7826917239388239362205911877489778990284e+04,   -1.1303294401499036071111520938690991173902e+02,   +2.3943366489003756586251363534828530956809e+02,   +1.8424648683573796306025679033051441749002e+02,   -4.2981110951748107666561028608076730596343e+02,   +2.8653747142357786191702394500754359571616e+02,   -6.0806913974513309584816756433754605388910e+02,   -4.4819131892882274951452700542123555066067e+02,   -4.6015757309688527842705146600691723511769e+02,   -1.0822663418845936355740078758092145709416e+02,   +3.0671879257752447701227012304692606569266e+02,   -6.2783335189574123356348400723659123639740e+02,   -6.6304236240276410049634163222608845297055e+02,   +1.2267855356962045549083573130814863789194e+01,   +7.3374214221405904611860074916895374448004e+01,   -5.9008903829740577839548290510541323310452e+02,   -2.5480445903601013436662925239796509720143e+02,   -3.1846049768491895536962409373122357861158e+02,   -3.2530305336004333326316201725891846431828e+02,   -3.9433706228446631152864127367204326622190e+02,   -3.3444090537199644125046152615987792324421e+02 },
  {   +2.0640452489573904919593404104217796048228e+05,   -5.8660153998330713623995279148981015298067e+04,   +4.5495905585139639711742251824082011279838e+05,   -2.0771582638959997020399380063681998423635e+04,   -1.6387759198064736885507927411658796914684e+05,   +8.9411709296104011049702577253571882675628e+04,   -3.8178454161269681228354019230479008983615e+04,   +3.4611545427366693489819057478149796312388e+04,   -1.2399621521348327483553502669118902203954e+05,   +1.2539627691109446957257644690195715251446e+05,   +7.3818957828091666748777847659094644498564e+04,   -1.0314916941952729612278072540586760785099e+05,   -1.8757684040855285657394874965332277721358e+05,   -1.7250055007420425871254520415996284981400e+05,   -8.6938022509044131377593005604830494455679e+04,   +1.0210436479821825804245226102566407152484e+05,   -2.5461820432328520453022411302773637253696e+05,   +1.5020786521270888823859487374658751512597e+05,   +6.4562277415524992514382710535813191837797e+04,   +2.8274974390231175354564074876913226843650e+04,   +4.1254745616455288299111904021285832730044e+02,   +4.4127461017559221817556818222912465250783e+02,   +3.8437513580008790162608785952055111138027e+02,   +9.0302438761278246491062599093957020828862e+02,   -4.0262821036076140947877337008229387135830e+02,   +6.0020278382081820001074239339366303887709e+02,   +3.6583048450301022220209341057594627762691e+02,   +5.0370145879407928546227912431761651414944e+02,   +3.1856733697150581556574493466311620503668e+00,   +4.6178437992896832855918310733151809288918e+02,   -2.4754664827108640047860492970093847657384e+02,   -3.5107315939714010033795130210826364925366e+02,   +1.5096702523563019125058896889628352747494e+02,   -4.4862893176100125711048139185597153448061e+02,   -1.2225761872907559653744703905795975611549e+02,   +7.1404913655349413472120824580472568755591e+02,   +8.2752671105528367761925616093722414570817e+02,   +3.1207440167592825189579800219307202330531e+02,   -2.4673630353867605762886056909688213408660e+02,   -5.2695488356355557965777658713407093179562e+02 },
  {   +2.5586442351033285966085063972136115024569e+05,   +2.6144739037056488617663951237858604059781e+04,   -2.0771582638959997020399380063681998423635e+04,   +4.9137190515145348907641593427012671430903e+05,   +8.5606846110953116584524265031153067811082e+04,   -1.9209789661999596100007745262334971818903e+05,   -1.9665794327531010005091656145988518804339e+04,   -2.4850595400666121150040551280535411350234e+04,   +1.0503589085885873726244457709640222217458e+05,   +4.0800375038246552636598639675060978786169e+03,   -1.4028334614733094309906753054236170947509e+05,   +1.9195954859886330217185586883038756977477e+05,   -2.8576993627930994854559511689436724060405e+04,   -6.8148638246438853371274254272578278920690e+04,   +6.9927480784174747604420801896466457140322e+04,   -1.3820729160120558198058684565502397742465e+05,   -1.6775223549247817775360731326513810015561e+05,   -5.0710771690804457694225004857513038187009e+04,   -4.7992986328179461077830002244392678097684e+04,   +3.4792432784358546037252940864213529013538e+04,   -3.8493704611264586942189764891911094906402e+01,   -1.8322226629144757124196019409771645708757e+02,   +1.5789543900909723501836496141552375163931e+02,   +2.5314722629659760223863336174619348484414e+02,   -1.0683273184855914588629877199586924506855e+03,   -9.6523605437144815346744198466278153363000e+02,   -6.7489488192935165028067293208930540877110e+02,   -4.2685937210292533028215742657993259235152e+02,   -4.2470074197984105269485502279291768203906e+02,   +3.4797591986359732408963921921010667478736e+02,   -5.0881451913220385752323226991073345577464e+02,   +2.3160625578047181424469933065200201873745e+02,   -8.0776144213023852623803109359494019591083e+02,   +3.1012252131538473275147830247821182847700e+02,   +6.3779917225149569894640296525436501027689e+02,   +2.1879790621945247498920428908233646783402e+02,   +1.5847286511575250478310646206260497360678e+02,   +1.6066583951116305266402332271198138712959e+02,   -5.0282680462188760875094843902465777437690e+02,   +9.0067006800255490954936229727545340433304e+02 },
  {   +7.5397519277812322605695529334024862225022e+04,   -5.5066412600745717904037695393583021655809e+04,   -1.6387759198064736885507927411658796914684e+05,   +8.5606846110953116584524265031153067811082e+04,   +5.2600144909362582410143595544137866926627e+05,   -2.7367676442714300005622648132275578414629e+05,   +1.7044599672546697985328439727586458931687e+05,   -1.8432358784511927879939465381525277785298e+05,   -3.0584177943099903248172490574462908694420e+03,   -8.2573204215754197477069776869678842713528e+03,   +9.3447041424264234776616264365893764084734e+03,   +5.1281961192918526981601795747386812936657e+04,   -3.3334950221339669277386623759937516382453e+05,   +1.0834530765281841306918356806861114852233e+05,   -1.6674641964080890184441605409517252141908e+04,   -4.5288527402750697568197917770568186355977e+04,   +1.3674058878380054837611056656174109968557e+05,   -7.0471243119678387836216391239372834874511e+04,   -2.0520252461101067885431546190406562631585e+05,   +2.5724398833934239237351195393492381881751e+04,   +7.9245809378525521796895148998235901608707e+01,   -7.1258304445063915224544889544854997247926e+02,   -4.4321453580970014958966172402556044554819e+02,   -8.3847503418926776620930782620552040718355e+02,   -5.7165368856238254667215403218237465420982e+02,   +2.7994593081485264905098666065865146884972e+02,   -6.6124470680709003743581970721797329176661e+02,   +9.7120734265917603268714859988494275114196e+01,   -3.2371566069079248479527623817415627834058e+02,   -3.3731996419893298428879150023750382795911e+01,   +7.2768445965317888896970346638019475946940e+02,   -5.1901103090821693394510275050563009045785e+02,   -2.8287428260717563665761044208386661817793e+00,   +1.1087305694744187614240066656060077973966e+03,   -3.5700243821640616173364726747037941757686e+02,   +3.5629829192533316079118297621308355103120e+02,   -4.1415405948369985322441099914770621140768e+02,   -2.8792937787993120505201554213976878583156e+02,   -3.8553729189652142070201733785841619468065e+02,   +2.5820108365907284104687081438807665100522e+02 },
  {   -9.6639414652059983513538164092083939384642e+03,   +1.1341620798410074796661593423988141575655e+05,   +8.9411709296104011049702577253571882675628e+04,   -1.9209789661999596100007745262334971818903e+05,   -2.7367676442714300005622648132275578414629e+05,   +8.7197585999349438868448306436624737853044e+05,   -1.0960845748172570167622359469075167642671e+05,   +2.6466658917143088906208514183464330747736e+05,   +5.8535993099690407021516345246240441264805e+04,   -5.0603887420500279964632115165304482976798e+04,   +1.1142947652385766722708728963612465357806e+05,   +6.0414769553210115374234158515658653279679e+04,   +2.4189992654797685490325289998530894304586e+05,   -1.2726182068316133813186078470616034229203e+05,   -1.5831694711911326513717026971846972441905e+05,   +2.6601045443190222842474453355219799259253e+04,   -4.4784049687869485902019822074056097292431e+04,   +2.3507610941333266483356240118566923718655e+04,   +4.9578184079839872575286509286353957028173e+05,   +2.1520624232040728852786806592987523712965e+04,   +6.5727418199924506964185760154231396543620e+02,   +5.6926772578092171444490091591970480341450e+02,   -2.1534520553943265636611302922067424626871e+02,   -3.9413380145594042569947647038149138374035e+02,   +3.7855524474125900607325005200381295215546e+02,   -1.3888140578015121804850721095758783533371e+02,   +9.0305480745864731183896220525945869451659e+02,   +5.4034529144391386415140894579297098640545e+02,   -1.8331202440313697920586937770574620403547e+02,   +1.8827379642632357581786599274930282315002e+02,   -1.0255276948731527079985452893536720373890e+03,   -1.1152005109559535692577407109390074756254e+03,   +1.2451927196727180485779778048660398247142e+03,   -6.5233534819564795432687034105737457629788e+02,   -3.2933642227188887802034633053614011383289e+02,   -5.8392365376035691975665206380445045560502e+02,   -5.0580937854779266703089380949213484896170e+02,   +8.9329181814788858374996849941538386108557e+02,   +5.3983954352436563469604299000849347551630e+02,   +7.5102117393708177996378331812743285422273e+02 },
  {   +1.1920067442269224035607344143800406846740e+05,   -5.6701703723254456016882243494579847917072e+04,   -3.8178454161269681228354019230479008983615e+04,   -1.9665794327531010005091656145988518804339e+04,   +1.7044599672546697985328439727586458931687e+05,   -1.0960845748172570167622359469075167642671e+05,   +4.5170587364310089835986274328149670475587e+05,   -1.3556251994797291477608742380435497108268e+05,   -1.8359474876921345556267245228041791452811e+05,   -3.2085286781079571898161942029409532740984e+04,   +2.9592660050330001511708787812255159721384e+05,   -2.8248099543581165624839026073885039553041e+05,   -3.2732587990608913311355527578827015796039e+05,   -9.4606303395782466612534703775891812514372e+03,   -2.3677703260645598566014752272505133251558e+05,   -2.0365629878702955520884917647436316383796e+05,   +8.7504943168365716306504708612262001661782e+04,   +1.3725345962893031767991465437225384578328e+05,   +2.1274192241660879699530323497780723766730e+04,   -9.2412834751810954472037226865968577788787e+04,   -7.2525535559619763406249541531112523502140e+02,   -4.9316981834228190399577900225035567492360e+02,   -1.4786262240988944286308363577355813434913e+02,   -6.0731072498152853948788950674968799356486e+02,   -4.4339763390043759748426684238842660865151e+02,   -7.4912318076320796070424542569807118375192e+01,   -4.2193790896532425803808401731916803728052e+02,   +6.7550899668380188429389499839039074837786e+02,   -5.1821976813242991266819905276690790892855e+02,   -1.3293358960934820042733753209435161783674e+02,   +3.5995938544806275594978837297079486577026e+02,   -9.4914074174598307769873673763165582186274e+02,   +2.0697198036077839630757180223256192097135e+02,   -4.1244544699367419738104604589659423268265e+02,   +1.2165705912690284968266725189206176149754e+01,   +1.3124133741224679476720357315155994669616e+02,   +8.8258671782317717027124818211924354646595e+02,   +5.3497306215896649416700528688355760234785e+01,   +6.9427085644420317207856955600277099252867e+02,   -2.8011366446162511811875665627495091496124e+02 },
  {   -1.2308754343645780187093222117943926054821e+04,   -4.8602703167615459348110058514022500511052e+03,   +3.4611545427366693489819057478149796312388e+04,   -2.4850595400666121150040551280535411350234e+04,   -1.8432358784511927879939465381525277785298e+05,   +2.6466658917143088906208514183464330747736e+05,   -1.3556251994797291477608742380435497108268e+05,   +6.1330191985859550183241180845655707464652e+05,   +6.2115362301499531091647098041409529333961e+04,   -7.7326731872599529999311396202833806653109e+04,   +1.7613392616841907151567342692554089024342e+05,   -1.7005418167899177488144369928787574707160e+05,   +3.0000993793420895042746756588711108397154e+05,   -1.2565660317625259626210524879433735802676e+05,   +1.5760919410892450873812554762509405423131e+05,   +2.2847009479963100597841988205658073918813e+05,   +2.4534563304777046964740961958088952006736e+04,   -2.7902695192583814682804188182383702221626e+05,   +2.3336374541911017325675117353124516502350e+05,   -2.8597278939810532245388628609074073655575e+05,   +5.8026191305599638094474086943561046442957e+02,   -6.7278418146420708534039048907412972486120e+01,   -4.4903494403416165004746686189711254052684e+02,   +5.7646940707163077081581488417507737798113e+02,   +1.0831658645226896944707453948438145124142e+03,   -7.3055580709789379507057056170010012927718e+02,   +2.2618138351968714246733718113437195097419e+02,   -3.1395359694463535934647306199550081983290e+02,   +4.9233887473443225145923489960762657358253e+02,   +4.5969798207301836850658110854640409146638e+02,   -5.0800853072784147445860168564541981084874e+02,   +5.6220389675205720764411105809177364469357e+02,   +8.7917955567128253450272775231425745561196e+02,   -8.2057103919248060035032360870317981595157e+02,   -9.0927940812477084412079175872032771920107e+01,   +2.8432343769250948681755897913262255602047e+02,   +1.5993177230214029804893724775988789535384e+02,   -6.4932231801737812984438052233320196142385e+02,   +7.6959817682678003002708372302182162094574e+02,   +1.0958478744594369210756446488811956466755e+03 },
  {   -5.7440295377612070159120284827094514091472e+04,   +2.2674229389681842962360189830189210304490e+05,   -1.2399621521348327483553502669118902203954e+05,   +1.0503589085885873726244457709640222217458e+05,   -3.0584177943099903248172490574462908694420e+03,   +5.8535993099690407021516345246240441264805e+04,   -1.8359474876921345556267245228041791452811e+05,   +6.2115362301499531091647098041409529333961e+04,   +5.7908598847830636778203047627644598332400e+05,   -5.7318092131891132078643117350497611952438e+04,   -7.6402547404941765191776663630345567479699e+04,   +1.8613286883136847116077980810044978464699e+05,   +2.1221689274658853776480207123349403245166e+05,   +1.8570363070535256967655879778574164154578e+05,   +5.5293961746123810639491740286023533355178e+04,   -4.3115974184116263205610385240072551947911e+04,   -1.1213166709434043889145923159862826123497e+05,   -9.0857959773290158202936181854702098270150e+04,   +6.5765076669237436615093131651871162954749e+04,   +1.1785614434017385179519247361258696198804e+05,   +1.2083968897829467855808712041647242793053e+02,   -3.3952603117493777364097472560383616866896e+02,   +5.5926716112193696464105791426140524468217e+02,   -6.2601060975606459969428941050610233739306e+01,   -3.8553537653375090277029257852183803111133e+02,   -2.5361666702154745481616604655254409549956e+02,   +4.5660798270050781898312398017357535730928e+02,   -1.0633303424267954633584914573825913372788e+03,   +7.3494164112205315977112464140728483196034e+01,   +4.5822189961102416972050849965703169463388e+02,   -4.0708363827230809044242927255349253015722e+02,   -3.0867872600639923691128944361754124728730e+02,   -4.5125191597776135716077286590821344579903e+02,   -1.1792929495225653551958658785986504935349e+02,   -8.2627238561513356774089794568837611330434e+02,   -5.6172572046561468612398882721688134730579e+02,   -6.4058319623791203719877370325492562999391e+02,   -9.2905996356952749210286204413664858177358e+02,   -5.8569073171368893575248650900193290227904e+02,   +7.9190050777129183596290170303521318476577e+02 },
  {   +2.7221736081164229790334151181659024307901e+04,   -8.7800216529405008113969233045776820988188e+04,   +1.2539627691109446957257644690195715251446e+05,   +4.0800375038246552636598639675060978786169e+03,   -8.2573204215754197477069776869678842713528e+03,   -5.0603887420500279964632115165304482976798e+04,   -3.2085286781079571898161942029409532740984e+04,   -7.7326731872599529999311396202833806653109e+04,   -5.7318092131891132078643117350497611952438e+04,   +4.4590489814382609690868118137360671787958e+05,   -9.5989471586796256862863725651866328370182e+04,   +7.8633903976978909314584793939817164170316e+04,   -3.3996500562469982012917114104432021050864e+05,   +5.0288972440859450725109085562118543586845e+03,   +1.1801235255102906393059727717109490657661e+05,   +7.8637034589426055487486557392300180650569e+04,   +8.3309271419449496187273095363811262720171e+04,   -1.2025867417834032142037185687752893644672e+05,   -1.8991450803032220466196842895807545571274e+05,   -4.5541525843118492498965336686845095224531e+04,   +1.6733621864027177633670882870705760046691e+02,   +3.9929562702462940271402141918275623822109e+02,   +5.4270741782933953062016041949915688986249e+02,   +4.1677436018098928610996068830793969228710e+02,   -5.3425463632620318813189047905538828724273e+02,   +3.7953808005765627991602026053361010929245e+02,   +2.7981877251429752801505311378099893862556e+02,   +4.3544019643543278670857564818326271863972e+02,   -8.6580512569677636772159181596815187889469e+02,   -6.1298964283995377627498618058106879725441e+02,   +1.9657577181620455631686478878951773519643e+02,   +4.0269582695841394818677146076415471335867e+02,   -2.6117027148608440711906294233092339361739e+02,   +7.4346169084811425985432961839555141203728e+02,   -3.1049607285537699255779017588083767539069e+02,   +5.4570848530763566995952523475449047254590e+02,   +1.9294463067922243344146066372433472585275e+02,   -9.1897546087171666681017955174659049187392e+01,   +3.6173531187584811861775232355470763142418e+02,   +7.4164689507509575791479178638353981620424e+02 },
